VER: prototype | SEED: 1 
LSTM(AP/WLL/SC)=0.48503/0.69824/0.53694
XGB(AP/WLL/SC)=0.53449/0.63282/0.57346
ENS(AP)=0.40293
ENS(WLL)=0.69805
ENS(SC)=0.49592
smoke test
========================================
VER: prototype | SEED: 1 
LSTM(AP/WLL/SC)=0.65665/0.64933/0.63148
XGB(AP/WLL/SC)=0.68411/0.63453/0.64795
ENS(AP)=0.61484
ENS(WLL)=0.67399
ENS(SC)=0.60611
========================================
VER: prototype | SEED: 1 
LSTM(AP/WLL/SC)=0.53597/0.69455/0.56305
XGB(AP/WLL/SC)=0.53579/0.63222/0.57422
ENS(AP)=0.47539
ENS(WLL)=0.68164
ENS(SC)=0.53502
========================================
